joint_rt_sensor_rgbd:
    x: 0.0625
    y: 0.010999999940395355
    z: -0.12078999727964401
    roll: -3.14159265358979
    pitch: 1.2518091452915341e-20
    yaw: -1.5708037104249521
